-3000.00   0.00   0.00  75
-2997.50   2.33   0.07  75
-2995.00   4.67   0.07  75
-2992.50   6.97   0.07  75
-2990.00   9.27   0.07  75
-2987.50   11.57   0.07  75
-2985.00   13.87   0.07  75
-2982.50   16.15   0.07  75
-2980.00   18.41   0.06  75
-2977.50   20.69   0.09  75
-2975.00   22.99   0.09  75
-2972.50   25.28   0.10  75
-2970.00   27.49   0.09  75
-2967.50   29.79   0.09  75
-2965.00   32.02   0.12  75
-2962.50   34.29   0.09  75
-2960.00   36.52   0.12  75
-2957.50   38.72   0.12  75
-2955.00   40.99   0.09  75
-2952.50   43.22   0.12  75
-2950.00   45.42   0.12  75
-2947.50   47.62   0.12  75
-2945.00   49.82   0.12  75
-2942.50   52.01   0.15  75
-2940.00   54.20   0.15  75
-2937.50   56.40   0.15  75
-2935.00   58.59   0.16  75
-2932.50   60.77   0.19  75
-2930.00   62.93   0.17  75
-2927.50   65.09   0.19  75
-2925.00   67.27   0.20  75
-2922.50   69.39   0.19  75
-2920.00   71.57   0.20  75
-2917.50   73.70   0.23  75
-2915.00   75.86   0.23  75
-2912.50   77.96   0.23  75
-2910.00   80.06   0.23  75
-2907.50   82.20   0.26  75
-2905.00   84.33   0.26  75
-2902.50   86.43   0.26  75
-2900.00   88.53   0.26  75
-2897.50   90.62   0.25  75
-2895.00   92.72   0.25  75
-2892.50   94.77   0.27  75
-2890.00   96.85   0.27  75
-2887.50   98.92   0.25  75
-2885.00   100.98   0.27  75
-2882.50   103.03   0.30  75
-2880.00   105.10   0.29  75
-2877.50   107.13   0.30  75
-2875.00   109.20   0.29  75
-2872.50   111.21   0.29  75
-2870.00   113.26   0.30  75
-2867.50   115.30   0.30  75
-2865.00   117.30   0.30  75
-2862.50   119.31   0.30  75
-2860.00   121.31   0.30  75
-2857.50   123.31   0.30  75
-2855.00   125.31   0.30  75
-2852.50   127.31   0.30  75
-2850.00   129.30   0.30  75
-2847.50   131.29   0.28  75
-2845.00   133.27   0.27  75
-2842.50   135.24   0.30  75
-2840.00   137.21   0.28  75
-2837.50   139.17   0.27  75
-2835.00   141.13   0.29  75
-2832.50   143.07   0.27  75
-2830.00   145.02   0.29  75
-2827.50   146.96   0.27  75
-2825.00   148.90   0.28  75
-2822.50   150.83   0.27  75
-2820.00   152.76   0.28  75
-2817.50   154.68   0.28  75
-2815.00   156.61   0.25  75
-2812.50   158.51   0.25  75
-2810.00   160.41   0.25  75
-2807.50   162.31   0.26  75
-2805.00   164.21   0.26  75
-2802.50   166.11   0.26  75
-2800.00   167.97   0.27  75
-2797.50   169.85   0.26  75
-2795.00   171.72   0.26  75
-2792.50   173.61   0.27  75
-2790.00   175.44   0.26  75
-2787.50   177.32   0.25  75
-2785.00   179.18   0.28  75
-2782.50   181.02   0.25  75
-2780.00   182.85   0.25  75
-2777.50   184.72   0.24  75
-2775.00   186.52   0.25  75
-2772.50   188.35   0.25  75
-2770.00   190.17   0.26  75
-2767.50   192.01   0.26  75
-2765.00   193.81   0.26  75
-2762.50   195.62   0.25  75
-2760.00   197.42   0.25  75
-2757.50   199.25   0.26  75
-2755.00   201.02   0.25  75
-2752.50   202.82   0.25  75
-2750.00   204.62   0.25  75
-2747.50   206.40   0.26  75
-2745.00   208.15   0.26  75
-2742.50   209.93   0.26  75
-2740.00   211.72   0.26  75
-2737.50   213.47   0.26  75
-2735.00   215.24   0.27  75
-2732.50   216.99   0.27  75
-2730.00   218.73   0.27  75
-2727.50   220.46   0.29  75
-2725.00   222.24   0.28  75
-2722.50   223.95   0.29  75
-2720.00   225.68   0.28  75
-2717.50   227.42   0.27  75
-2715.00   229.12   0.29  75
-2712.50   230.87   0.29  75
-2710.00   232.57   0.29  75
-2707.50   234.29   0.28  75
-2705.00   235.99   0.28  75
-2702.50   237.69   0.28  75
-2700.00   239.39   0.28  75
-2697.50   241.09   0.28  75
-2695.00   242.74   0.29  75
-2692.50   244.43   0.28  75
-2690.00   246.13   0.29  75
-2687.50   247.79   0.31  75
-2685.00   249.47   0.29  75
-2682.50   251.13   0.29  75
-2680.00   252.80   0.30  75
-2677.50   254.44   0.30  75
-2675.00   256.10   0.31  75
-2672.50   257.72   0.30  75
-2670.00   259.40   0.31  75
-2667.50   261.02   0.30  75
-2665.00   262.65   0.29  75
-2662.50   264.26   0.31  75
-2660.00   265.92   0.32  75
-2657.50   267.53   0.31  75
-2655.00   269.14   0.31  75
-2652.50   270.75   0.30  75
-2650.00   272.36   0.31  75
-2647.50   273.96   0.31  75
-2645.00   275.56   0.31  75
-2642.50   277.17   0.31  75
-2640.00   278.77   0.31  75
-2637.50   280.35   0.32  75
-2635.00   281.95   0.32  75
-2632.50   283.54   0.32  75
-2630.00   285.13   0.31  75
-2627.50   286.68   0.30  75
-2625.00   288.26   0.32  75
-2622.50   289.84   0.31  75
-2620.00   291.39   0.31  75
-2617.50   292.95   0.32  75
-2615.00   294.53   0.30  75
-2612.50   296.06   0.31  75
-2610.00   297.62   0.32  75
-2607.50   299.16   0.31  75
-2605.00   300.70   0.32  75
-2602.50   302.25   0.33  75
-2600.00   303.76   0.31  75
-2597.50   305.31   0.33  75
-2595.00   306.84   0.32  75
-2592.50   308.35   0.32  75
-2590.00   309.88   0.32  75
-2587.50   311.38   0.32  75
-2585.00   312.88   0.32  75
-2582.50   314.39   0.32  75
-2580.00   315.92   0.33  75
-2577.50   317.42   0.33  75
-2575.00   318.89   0.33  75
-2572.50   320.38   0.33  75
-2570.00   321.87   0.33  75
-2567.50   323.37   0.33  75
-2565.00   324.87   0.33  75
-2562.50   326.36   0.34  75
-2560.00   327.84   0.34  75
-2557.50   329.27   0.33  75
-2555.00   330.77   0.33  75
-2552.50   332.27   0.33  75
-2550.00   333.70   0.34  75
-2547.50   335.17   0.33  75
-2545.00   336.61   0.34  75
-2542.50   338.08   0.33  75
-2540.00   339.53   0.34  75
-2537.50   340.97   0.34  75
-2535.00   342.38   0.35  75
-2532.50   343.84   0.35  75
-2530.00   345.27   0.34  75
-2527.50   346.70   0.35  75
-2525.00   348.14   0.35  75
-2522.50   349.56   0.35  75
-2520.00   350.97   0.35  75
-2517.50   352.41   0.37  75
-2515.00   353.83   0.37  75
-2512.50   355.24   0.37  75
-2510.00   356.64   0.37  75
-2507.50   358.06   0.35  75
-2505.00   359.44   0.37  75
-2502.50   360.86   0.35  75
-2500.00   362.25   0.36  75
-2497.50   363.65   0.36  75
-2495.00   365.05   0.36  75
-2492.50   366.41   0.37  75
-2490.00   367.81   0.37  75
-2487.50   369.18   0.37  75
-2485.00   370.58   0.38  75
-2482.50   371.92   0.37  75
-2480.00   373.31   0.38  75
-2477.50   374.69   0.37  75
-2475.00   376.04   0.37  75
-2472.50   377.41   0.38  75
-2470.00   378.78   0.38  75
-2467.50   380.11   0.38  75
-2465.00   381.49   0.38  75
-2462.50   382.81   0.38  75
-2460.00   384.16   0.40  75
-2457.50   385.50   0.38  75
-2455.00   386.85   0.40  75
-2452.50   388.20   0.38  75
-2450.00   389.54   0.39  75
-2447.50   390.84   0.39  75
-2445.00   392.18   0.40  75
-2442.50   393.52   0.39  75
-2440.00   394.83   0.39  75
-2437.50   396.14   0.39  75
-2435.00   397.44   0.39  75
-2432.50   398.77   0.38  75
-2430.00   400.11   0.41  75
-2427.50   401.40   0.41  75
-2425.00   402.72   0.39  75
-2422.50   404.02   0.39  75
-2420.00   405.32   0.39  75
-2417.50   406.63   0.39  75
-2415.00   407.91   0.40  75
-2412.50   409.18   0.42  75
-2410.00   410.47   0.42  75
-2407.50   411.75   0.41  75
-2405.00   413.06   0.41  75
-2402.50   414.32   0.40  75
-2400.00   415.58   0.42  75
-2397.50   416.86   0.43  75
-2395.00   418.15   0.42  75
-2392.50   419.40   0.41  75
-2390.00   420.67   0.43  75
-2387.50   421.94   0.43  75
-2385.00   423.18   0.41  75
-2382.50   424.47   0.43  75
-2380.00   425.74   0.43  75
-2377.50   426.97   0.43  75
-2375.00   428.23   0.43  75
-2372.50   429.47   0.43  75
-2370.00   430.70   0.43  75
-2367.50   431.97   0.43  75
-2365.00   433.18   0.41  75
-2362.50   434.44   0.42  75
-2360.00   435.68   0.41  75
-2357.50   436.89   0.42  75
-2355.00   438.15   0.43  75
-2352.50   439.37   0.42  75
-2350.00   440.58   0.41  75
-2347.50   441.80   0.43  75
-2345.00   443.03   0.43  75
-2342.50   444.25   0.43  75
-2340.00   445.45   0.43  75
-2337.50   446.66   0.42  75
-2335.00   447.89   0.42  75
-2332.50   449.09   0.42  75
-2330.00   450.30   0.42  75
-2327.50   451.50   0.42  75
-2325.00   452.69   0.42  75
-2322.50   453.89   0.42  75
-2320.00   455.09   0.42  75
-2317.50   456.29   0.43  75
-2315.00   457.48   0.43  75
-2312.50   458.65   0.43  75
-2310.00   459.84   0.43  75
-2307.50   461.04   0.43  75
-2305.00   462.22   0.42  75
-2302.50   463.39   0.43  75
-2300.00   464.57   0.44  75
-2297.50   465.74   0.45  75
-2295.00   466.93   0.45  75
-2292.50   468.09   0.45  75
-2290.00   469.23   0.44  75
-2287.50   470.42   0.45  75
-2285.00   471.58   0.46  75
-2282.50   472.73   0.44  75
-2280.00   473.91   0.46  75
-2277.50   475.06   0.44  75
-2275.00   476.22   0.45  75
-2272.50   477.37   0.43  75
-2270.00   478.52   0.45  75
-2267.50   479.69   0.44  75
-2265.00   480.81   0.45  75
-2262.50   481.93   0.44  75
-2260.00   483.11   0.46  75
-2257.50   484.23   0.45  75
-2255.00   485.39   0.44  75
-2252.50   486.52   0.46  75
-2250.00   487.63   0.45  75
-2247.50   488.79   0.45  75
-2245.00   489.91   0.46  75
-2242.50   491.03   0.45  75
-2240.00   492.13   0.45  75
-2237.50   493.27   0.44  75
-2235.00   494.38   0.46  75
-2232.50   495.50   0.45  75
-2230.00   496.63   0.45  75
-2227.50   497.73   0.45  75
-2225.00   498.83   0.45  75
-2222.50   499.96   0.45  75
-2220.00   501.06   0.45  75
-2217.50   502.17   0.47  75
-2215.00   503.27   0.47  75
-2212.50   504.37   0.47  75
-2210.00   505.45   0.44  75
-2207.50   506.55   0.44  75
-2205.00   507.64   0.45  75
-2202.50   508.73   0.46  75
-2200.00   509.82   0.46  75
-2197.50   510.89   0.46  75
-2195.00   511.99   0.46  75
-2192.50   513.09   0.46  75
-2190.00   514.17   0.47  75
-2187.50   515.25   0.48  75
-2185.00   516.30   0.46  75
-2182.50   517.39   0.46  75
-2180.00   518.48   0.48  75
-2177.50   519.53   0.47  75
-2175.00   520.59   0.47  75
-2172.50   521.68   0.48  75
-2170.00   522.75   0.48  75
-2167.50   523.83   0.47  75
-2165.00   524.88   0.48  75
-2162.50   525.95   0.48  75
-2160.00   526.98   0.48  75
-2157.50   528.08   0.48  75
-2155.00   529.12   0.48  75
-2152.50   530.18   0.48  75
-2150.00   531.22   0.48  75
-2147.50   532.28   0.48  75
-2145.00   533.34   0.49  75
-2142.50   534.38   0.48  75
-2140.00   535.41   0.48  75
-2137.50   536.46   0.48  75
-2135.00   537.48   0.48  75
-2132.50   538.54   0.49  75
-2130.00   539.58   0.48  75
-2127.50   540.62   0.48  75
-2125.00   541.66   0.48  75
-2122.50   542.68   0.48  75
-2120.00   543.72   0.48  75
-2117.50   544.74   0.47  75
-2115.00   545.76   0.48  75
-2112.50   546.81   0.48  75
-2110.00   547.81   0.48  75
-2107.50   548.82   0.48  75
-2105.00   549.86   0.48  75
-2102.50   550.86   0.48  75
-2100.00   551.90   0.49  75
-2097.50   552.90   0.49  75
-2095.00   553.92   0.48  75
-2092.50   554.92   0.48  75
-2090.00   555.92   0.48  75
-2087.50   556.94   0.49  75
-2085.00   557.94   0.49  75
-2082.50   558.98   0.49  75
-2080.00   559.98   0.49  75
-2077.50   560.98   0.49  75
-2075.00   561.98   0.49  75
-2072.50   562.98   0.49  75
-2070.00   563.98   0.49  75
-2067.50   564.98   0.49  75
-2065.00   565.98   0.49  75
-2062.50   566.96   0.49  75
-2060.00   567.93   0.49  75
-2057.50   568.90   0.49  75
-2055.00   569.90   0.49  75
-2052.50   570.88   0.49  75
-2050.00   571.88   0.49  75
-2047.50   572.83   0.49  75
-2045.00   573.83   0.49  75
-2042.50   574.81   0.50  75
-2040.00   575.78   0.49  75
-2037.50   576.76   0.50  75
-2035.00   577.73   0.49  75
-2032.50   578.68   0.49  75
-2030.00   579.63   0.49  75
-2027.50   580.63   0.49  75
-2025.00   581.61   0.50  75
-2022.50   582.53   0.49  75
-2020.00   583.51   0.50  75
-2017.50   584.48   0.49  75
-2015.00   585.43   0.49  75
-2012.50   586.41   0.50  75
-2010.00   587.33   0.49  75
-2007.50   588.31   0.50  75
-2005.00   589.29   0.51  75
-2002.50   590.21   0.50  75
