-2.822500000000000000e+03 7.740759999999999863e+00 7.683547999999998934e-01 -8.577866666667214235e-04
-2.817500000000000000e+03 1.157293999999999912e+01 7.648998999999999659e-01 -5.997133333333026740e-04
-2.812500000000000000e+03 1.538868000000000080e+01 7.603343333333333343e-01 -1.209400000000109953e-03
-2.807500000000000000e+03 1.917605999999999966e+01 7.556994999999998575e-01 -6.403666666664638556e-04
-2.802500000000000000e+03 2.294566000000000017e+01 7.510025000000000173e-01 -1.223633333333514449e-03
-2.797500000000000000e+03 2.668681000000000125e+01 7.467809999999999171e-01 -4.582666666669628786e-04
-2.792500000000000000e+03 3.041452999999999918e+01 7.432629999999998960e-01 -9.557333333332352059e-04
-2.787500000000000000e+03 3.412015999999999849e+01 7.402748333333328823e-01 -2.659000000000588844e-04
-2.782500000000000000e+03 3.781667999999999807e+01 7.370298333333340501e-01 -1.078899999999549664e-03
-2.777500000000000000e+03 4.148752000000000351e+01 7.312456666666662386e-01 -1.126333333333870250e-03
-2.772500000000000000e+03 4.513161999999999807e+01 7.275891666666662871e-01 -3.553666666659912091e-04
-2.767500000000000000e+03 4.876494000000000284e+01 7.252218333333338984e-01 -6.851000000001760846e-04
-2.762500000000000000e+03 5.238069000000000131e+01 7.199523333333321951e-01 -1.313600000000481874e-03
-2.757500000000000000e+03 5.596676999999999680e+01 7.166500000000000092e-01 -1.486666666619858719e-05
-2.752500000000000000e+03 5.954912000000000205e+01 7.152071666666669492e-01 -7.101000000001533819e-04
-2.747500000000000000e+03 6.311337999999999937e+01 7.088834999999988895e-01 -1.646433333333637483e-03
-2.742500000000000000e+03 6.664113999999999294e+01 7.055331666666676549e-01 2.667666666669769263e-04
-2.737500000000000000e+03 7.016992000000000473e+01 7.029085000000008243e-01 -1.356300000000653511e-03
-2.732500000000000000e+03 7.366944999999999766e+01 6.995031666666655656e-01 1.763333333490398598e-05
-2.727500000000000000e+03 7.716535000000000366e+01 6.968783333333337104e-01 -1.152400000000710625e-03
-2.722500000000000000e+03 8.063438999999999623e+01 6.908718333333319084e-01 -1.119899999999963416e-03
-2.717500000000000000e+03 8.407674000000000092e+01 6.870550000000020807e-01 -3.938666666666771981e-04
-2.712500000000000000e+03 8.750826000000000704e+01 6.859724999999997630e-01 -1.746333333337209701e-04
-2.707500000000000000e+03 9.093300999999999590e+01 6.819494999999984319e-01 -1.396566666665819464e-03
-2.702500000000000000e+03 9.432620000000000005e+01 6.770000000000010454e-01 -5.465333333341959457e-04
-2.697500000000000000e+03 9.770328999999999553e+01 6.722218333333335183e-01 -1.328699999999969359e-03
-2.692500000000000000e+03 1.010504999999999995e+02 6.687246666666666339e-01 -4.053333333340939732e-05
-2.687500000000000000e+03 1.043940999999999946e+02 6.682381666666679099e-01 -2.989666666662079255e-04
-2.682500000000000000e+03 1.077292000000000058e+02 6.645650000000017377e-01 -1.119666666667361137e-03
-2.677500000000000000e+03 1.110386000000000024e+02 6.600899999999988443e-01 -5.973333333327465180e-04
-2.672500000000000000e+03 1.143325999999999993e+02 6.578500000000002679e-01 -3.726666666671481481e-04
-2.667500000000000000e+03 1.176158999999999963e+02 6.542899999999998162e-01 -1.005333333333074649e-03
-2.662500000000000000e+03 1.208765999999999963e+02 6.520200000000014873e-01 1.733333333414558943e-05
-2.657500000000000000e+03 1.241332000000000022e+02 6.473100000000004961e-01 -1.841333333334157921e-03
-2.652500000000000000e+03 1.273498000000000019e+02 6.425200000000008682e-01 1.333333333396543163e-05
-2.647500000000000000e+03 1.305629000000000133e+02 6.415916666666667822e-01 -5.290000000014080097e-04
-2.642500000000000000e+03 1.337630000000000052e+02 6.380749999999966171e-01 -8.303333333334705739e-04
-2.637500000000000000e+03 1.369432999999999936e+02 6.347349999999987169e-01 -5.356666666667327407e-04
-2.632500000000000000e+03 1.401084999999999923e+02 6.298166666666660252e-01 -1.368000000000980194e-03
-2.627500000000000000e+03 1.432427999999999884e+02 6.258216666666683858e-01 -1.909999999985719508e-04
-2.622500000000000000e+03 1.463700000000000045e+02 6.243700000000018679e-01 -4.653333333353278306e-04
-2.617500000000000000e+03 1.494859999999999900e+02 6.223650000000020555e-01 -3.616666666660724606e-04
-2.612500000000000000e+03 1.525919000000000096e+02 6.189999999999997726e-01 -9.473333333354124050e-04
-2.607500000000000000e+03 1.556760999999999910e+02 6.158449999999997537e-01 -3.076666666648482764e-04
-2.602500000000000000e+03 1.587507999999999981e+02 6.131166666666690857e-01 -8.080000000021906464e-04
-2.597500000000000000e+03 1.618064999999999998e+02 6.097166666666656853e-01 -5.340000000003897402e-04
-2.592500000000000000e+03 1.648480999999999881e+02 6.066100000000000936e-01 -7.333333333318137236e-04
-2.587500000000000000e+03 1.678714999999999975e+02 6.026083333333356329e-01 -8.449999999988715019e-04
-2.582500000000000000e+03 1.708742000000000019e+02 5.985149999999985759e-01 -7.496666666651208549e-04
-2.577500000000000000e+03 1.738588000000000022e+02 5.959566666666664680e-01 -2.800000000002948243e-04
-2.572500000000000000e+03 1.768355999999999995e+02 5.947066666666657175e-01 -2.680000000017912737e-04
-2.567500000000000000e+03 1.798052999999999884e+02 5.930550000000006650e-01 -4.283333333327732557e-04
-2.562500000000000000e+03 1.827638000000000034e+02 5.895833333333352355e-01 -9.139999999998357338e-04
-2.557500000000000000e+03 1.857010999999999967e+02 5.861533333333340812e-01 -4.239999999966433705e-04
-2.552500000000000000e+03 1.886270000000000095e+02 5.841366666666668594e-01 -4.313333333351465388e-04
-2.547500000000000000e+03 1.915416999999999916e+02 5.813733333333327424e-01 -6.653333333323037564e-04
-2.542500000000000000e+03 1.944404000000000110e+02 5.783950000000014358e-01 -5.143333333355333938e-04
-2.537500000000000000e+03 1.973258999999999901e+02 5.755949999999984135e-01 -5.996666666662046636e-04
-2.532500000000000000e+03 2.001968999999999994e+02 5.732683333333331577e-01 -3.536666666682701065e-04
-2.527500000000000000e+03 2.030579999999999927e+02 5.706100000000020600e-01 -7.359999999992320602e-04
-2.522500000000000000e+03 2.059011000000000138e+02 5.664283333333377524e-01 -8.863333333347137803e-04
-2.517500000000000000e+03 2.087229000000000099e+02 5.625133333333299790e-01 -6.086666666669771596e-04
-2.512500000000000000e+03 2.115303999999999860e+02 5.620499999999988283e-01 3.040000000026073603e-04
-2.507500000000000000e+03 2.143415999999999997e+02 5.598900000000038846e-01 -1.163999999999703033e-03
-2.502500000000000000e+03 2.171277000000000044e+02 5.564000000000021151e-01 -1.540000000003753265e-04
-2.497500000000000000e+03 2.199079000000000121e+02 5.550016666666621745e-01 -4.696666666670997110e-04
-2.492500000000000000e+03 2.226767999999999859e+02 5.525249999999990447e-01 -4.796666666622210443e-04
-2.487500000000000000e+03 2.254343000000000075e+02 5.513066666666698312e-01 -8.000000000218203118e-05
-2.482500000000000000e+03 2.281873999999999967e+02 5.481566666666637389e-01 -1.162000000000205186e-03
-2.477500000000000000e+03 2.309142999999999972e+02 5.437266666666668025e-01 -5.240000000007209377e-04
-2.472500000000000000e+03 2.336273999999999944e+02 5.417516666666676306e-01 -3.430000000002072342e-04
-2.467500000000000000e+03 2.363307000000000073e+02 5.384716666666666818e-01 -9.190000000007595956e-04
-2.462500000000000000e+03 2.390134999999999934e+02 5.362783333333316360e-01 4.033333333410382395e-05
-2.457500000000000000e+03 2.416947999999999865e+02 5.351083333333316316e-01 -5.563333333309590815e-04
-2.452500000000000000e+03 2.443634999999999877e+02 5.330583333333375196e-01 -2.656666666658224953e-04
-2.447500000000000000e+03 2.470242000000000075e+02 5.302216666666671463e-01 -8.556666666686397159e-04
-2.442500000000000000e+03 2.496651999999999987e+02 5.268466666666625775e-01 -4.353333333333845906e-04
-2.437500000000000000e+03 2.522950999999999908e+02 5.255533333333375356e-01 -1.473333333332978742e-04
-2.432500000000000000e+03 2.549199000000000126e+02 5.235716666666666574e-01 -6.730000000033934315e-04
-2.427500000000000000e+03 2.575285999999999831e+02 5.196449999999980252e-01 -8.023333333303147566e-04
-2.422500000000000000e+03 2.601188999999999965e+02 5.178800000000010062e-01 6.533333333161787492e-05
-2.417500000000000000e+03 2.627083999999999833e+02 5.167666666666700381e-01 -5.519999999974819138e-04
-2.412500000000000000e+03 2.652855000000000132e+02 5.148333333333321438e-01 -2.266666666705911424e-04
-2.407500000000000000e+03 2.678553999999999746e+02 5.118649999999964617e-01 -9.189999999974436716e-04
-2.402500000000000000e+03 2.704048999999999978e+02 5.095483333333400422e-01 -6.333333334206751423e-06
-2.397500000000000000e+03 2.729517000000000166e+02 5.079366666666687014e-01 -6.800000000007837102e-04
-2.392500000000000000e+03 2.754830000000000041e+02 5.051316666666669786e-01 -3.969999999981155487e-04
-2.387500000000000000e+03 2.780040000000000191e+02 5.034500000000008413e-01 -3.373333333348682702e-04
-2.382500000000000000e+03 2.805153999999999996e+02 4.999366666666645864e-01 -1.015333333331038109e-03
-2.377500000000000000e+03 2.830038999999999874e+02 4.967633333333329460e-01 -2.053333333337074320e-04
-2.372500000000000000e+03 2.854859999999999900e+02 4.960683333333387734e-01 -1.636666666665102462e-04
-2.367500000000000000e+03 2.879630000000000223e+02 4.937566666666697301e-01 -7.186666666721445388e-04
-2.362500000000000000e+03 2.904241000000000099e+02 4.919766666666665622e-01 6.666666667645889250e-06
-2.357500000000000000e+03 2.928833000000000197e+02 4.907233333333323455e-01 -5.493333333328109455e-04
-2.352500000000000000e+03 2.953297999999999774e+02 4.880516666666655512e-01 -4.610000000011875106e-04
-2.347500000000000000e+03 2.977651999999999930e+02 4.866200000000020509e-01 -1.353333333359311638e-04
-2.342500000000000000e+03 3.001961999999999762e+02 4.853116666666664747e-01 -4.123333333291156902e-04
-2.337500000000000000e+03 3.026173000000000002e+02 4.832350000000010248e-01 -4.110000000012329702e-04
-2.332500000000000000e+03 3.050278999999999883e+02 4.807416666666635141e-01 -5.736666666678047477e-04
-2.327500000000000000e+03 3.074246999999999730e+02 4.781933333333370229e-01 -4.240000000000539453e-04
-2.322500000000000000e+03 3.098109000000000037e+02 4.764633333333364584e-01 -2.819999999972348207e-04
-2.317500000000000000e+03 3.121897000000000162e+02 4.749133333333314111e-01 -3.440000000028930983e-04
-2.312500000000000000e+03 3.145600999999999772e+02 4.734016666666633344e-01 -2.663333333341218602e-04
-2.307500000000000000e+03 3.169234999999999900e+02 4.717900000000042615e-01 -3.900000000010095478e-04
-2.302500000000000000e+03 3.192771999999999935e+02 4.695666666666710176e-01 -4.846666666626712723e-04
-2.297500000000000000e+03 3.216191000000000031e+02 4.671983333333343813e-01 -4.270000000030904890e-04
-2.292500000000000000e+03 3.239508999999999901e+02 4.662683333333385582e-01 9.000000001530377005e-06
-2.287500000000000000e+03 3.262812000000000126e+02 4.648166666666630475e-01 -6.013333333343477650e-04
-2.282500000000000000e+03 3.285978999999999814e+02 4.623899999999925847e-01 -3.259999999990744260e-04
-2.277500000000000000e+03 3.309060999999999808e+02 4.608833333333393623e-01 -2.973333333303192867e-04
-2.272500000000000000e+03 3.332067000000000121e+02 4.592800000000011318e-01 -3.493333333373508970e-04
-2.267500000000000000e+03 3.354986000000000104e+02 4.575116666666616538e-01 -3.663333333340309411e-04
-2.262500000000000000e+03 3.377810999999999808e+02 4.552183333333280069e-01 -5.403333333297647692e-04
-2.257500000000000000e+03 3.400505999999999744e+02 4.526483333333335968e-01 -4.436666666670892670e-04
-2.252500000000000000e+03 3.423095999999999890e+02 4.517450000000025057e-01 3.499999999860392401e-05
-2.247500000000000000e+03 3.445677000000000021e+02 4.504416666666647417e-01 -5.656666666692444822e-04
-2.242500000000000000e+03 3.468131999999999948e+02 4.484500000000016251e-01 -2.006666666676437574e-04
-2.237500000000000000e+03 3.490529000000000224e+02 4.472349999999996606e-01 -3.263333333368715543e-04
-2.232500000000000000e+03 3.512841999999999985e+02 4.447649999999981896e-01 -6.136666666662904390e-04
-2.227500000000000000e+03 3.535015999999999963e+02 4.432899999999999063e-01 -1.333333334135507708e-06
-2.222500000000000000e+03 3.557169000000000096e+02 4.416183333333331684e-01 -6.769999999988840066e-04
-2.217500000000000000e+03 3.579171000000000049e+02 4.394033333333320912e-01 -1.920000000016367978e-04
-2.212500000000000000e+03 3.601111000000000217e+02 4.373399999999965648e-01 -6.266666666689009717e-04
-2.207500000000000000e+03 3.622909999999999968e+02 4.355583333333299945e-01 -7.566666666624162387e-05
-2.202500000000000000e+03 3.644676999999999794e+02 4.346149999999994185e-01 -3.369999999993448766e-04
-2.197500000000000000e+03 3.666363999999999805e+02 4.328633333333347655e-01 -3.273333333309362222e-04
-2.192500000000000000e+03 3.687973999999999819e+02 4.321366666666686118e-01 -3.999999998427483999e-06
-2.187500000000000000e+03 3.709567999999999870e+02 4.307066666666761190e-01 -5.839999999977862682e-04
-2.182500000000000000e+03 3.731027000000000271e+02 4.278166666666654572e-01 -5.080000000015161363e-04
-2.177500000000000000e+03 3.752364000000000033e+02 4.261399999999951893e-01 -1.693333333334597654e-04
-2.172500000000000000e+03 3.773652000000000157e+02 4.252083333333321891e-01 -2.270000000002407082e-04
-2.167500000000000000e+03 3.794884000000000128e+02 4.242516666666650282e-01 -1.843333333310207835e-04
-2.162500000000000000e+03 3.816062000000000012e+02 4.221133333333275117e-01 -6.453333333314503284e-04
-2.157500000000000000e+03 3.837092999999999847e+02 4.197450000000013115e-01 -2.583333333277930150e-04
-2.152500000000000000e+03 3.858056000000000267e+02 4.189050000000075213e-01 -1.056666666706481306e-04
-2.147500000000000000e+03 3.878989000000000260e+02 4.184716666666645213e-01 -1.110000000016953003e-04
-2.142500000000000000e+03 3.899886999999999944e+02 4.167416666666649006e-01 -5.589999999979984894e-04
-2.137500000000000000e+03 3.920658000000000243e+02 4.146849999999991376e-01 -2.383333333330028793e-04
-2.132500000000000000e+03 3.941363000000000056e+02 4.133116666666656891e-01 -3.323333333329022191e-04
-2.127500000000000000e+03 3.961985999999999990e+02 4.116283333333389804e-01 -3.383333333346172475e-04
-2.122500000000000000e+03 3.982524000000000228e+02 4.097283333333336941e-01 -3.976666666672675301e-04
-2.117500000000000000e+03 4.002968999999999937e+02 4.087333333333286189e-01 -3.533333332995880428e-05
-2.112500000000000000e+03 4.023389999999999986e+02 4.070149999999965185e-01 -6.303333333340788288e-04
-2.107500000000000000e+03 4.043673999999999751e+02 4.055866666666692599e-01 6.466666667108711679e-05
-2.102500000000000000e+03 4.063955000000000268e+02 4.047233333333385419e-01 -4.413333333409733927e-04
-2.097500000000000000e+03 4.084137000000000057e+02 4.030699999999929894e-01 -2.053333333329495204e-04
-2.092500000000000000e+03 4.104259999999999877e+02 4.012600000000011158e-01 -4.966666666600379285e-04
-2.087500000000000000e+03 4.124272000000000276e+02 4.002283333333395143e-01 5.833333333024862848e-05
-2.082500000000000000e+03 4.144279000000000224e+02 3.988366666666640636e-01 -6.146666666686920796e-04
-2.077500000000000000e+03 4.164152000000000271e+02 3.970683333333369092e-01 -6.099999999889860517e-05
-2.072500000000000000e+03 4.183998000000000275e+02 3.963750000000023643e-01 -2.536666666655188981e-04
-2.067500000000000000e+03 4.203783000000000243e+02 3.950316666666613963e-01 -2.690000000003085973e-04
-2.062500000000000000e+03 4.223501999999999725e+02 3.938516666666657673e-01 -2.109999999959200176e-04
-2.057500000000000000e+03 4.243165000000000191e+02 3.924233333333357332e-01 -3.566666666716855789e-04
-2.052500000000000000e+03 4.262742999999999824e+02 3.909499999999999087e-01 -2.359999999957077964e-04
-2.047500000000000000e+03 4.282257000000000176e+02 3.891683333333370576e-01 -4.543333333341100584e-04
-2.042500000000000000e+03 4.301668000000000234e+02 3.881633333333326386e-01 1.733333333220343775e-05
-2.037500000000000000e+03 4.321064000000000078e+02 3.863149999999990203e-01 -7.350000000013778888e-04
-2.032500000000000000e+03 4.340301000000000045e+02 3.845433333333261317e-01 5.066666666588541144e-05
-2.027500000000000000e+03 4.359531999999999812e+02 3.839116666666673727e-01 -3.429999999976492760e-04
-2.022500000000000000e+03 4.378686000000000149e+02 3.825633333333305353e-01 -1.666666666704941116e-04
-2.017500000000000000e+03 4.397796999999999912e+02 3.820483333333347109e-01 -7.233333333128182043e-05
-2.012500000000000000e+03 4.416883000000000266e+02 3.808766666666656420e-01 -3.920000000054339544e-04
